1 1
1 180
1 538
1 157
1 741
2 357
2 100
2 1
2 180
2 319
3 471
3 1
3 358
3 443
3 456
3 463
3 1025
3 320
3 510
4 489
4 506
4 1114
4 1
5 397
5 1105
5 605
5 451
5 539
5 1
5 279
5 316
6 1088
6 163
6 482
6 1
6 161
6 262
6 439
7 652
7 338
7 338
7 82
7 433
7 1
7 759
7 817
7 1113
7 157
7 741
7 604
7 347
7 538
7 115
7 115
7 332
7 331
8 55
8 13
8 2
8 67
8 54
8 324
9 538
9 327
9 2
9 90
9 88
10 3
10 357
10 65
10 314
10 1103
11 118
11 118
11 724
11 3
11 211
12 411
12 344
12 3
12 347
12 192
12 174
12 708
13 101
13 6
13 59
13 193
13 39
13 3
14 147
14 3
14 123
14 123
14 307
14 701
15 298
15 6
15 6
15 59
15 59
15 4
16 131
16 131
16 180
16 1191
16 5
17 123
17 123
17 701
17 6
17 59
18 49
18 33
18 162
18 6
18 220
19 875
19 152
19 6
19 59
19 212
19 207
20 6
20 59
20 123
20 123
20 701
21 6
21 59
21 123
21 123
21 701
22 40
22 6
22 59
22 153
22 153
23 123
23 123
23 701
23 6
23 59
24 6
24 59
24 263
24 490
24 538
24 327
25 7
25 960
25 717
25 1176
25 753
26 161
26 154
26 247
26 1170
26 214
26 161
26 7
26 347
26 157
26 741
26 538
26 538
26 408
26 969
26 194
26 323
26 538
27 7
27 596
27 864
27 931
28 93
28 538
28 115
28 115
28 293
28 7
28 145
29 64
29 861
29 8
29 26
29 38
29 16
29 26
29 8
30 486
30 490
30 8
30 268
30 799
30 799
30 401
31 9
31 841
31 842
31 843
31 144
32 10
32 123
32 123
32 701
32 145
33 175
33 538
33 538
33 10
34 11
34 32
34 780
34 777
34 26
34 32
34 35
34 118
34 118
35 12
35 121
35 121
35 178
35 897
36 12
36 121
36 121
36 178
37 12
37 76
37 121
37 121
37 178
37 76
38 12
38 98
38 121
38 121
38 178
39 12
39 98
39 121
39 121
39 178
40 12
40 98
40 121
40 121
40 178
41 12
41 98
41 121
41 121
41 178
42 12
42 98
42 121
42 121
42 178
43 12
43 98
43 121
43 121
43 178
44 12
44 98
44 121
44 121
44 178
45 12
45 98
45 121
45 121
45 178
46 12
46 98
46 121
46 121
46 178
47 12
47 98
47 121
47 121
47 178
48 12
48 98
48 121
48 121
48 178
49 12
49 98
49 121
49 121
49 178
50 12
50 98
50 121
50 121
50 178
50 1081
51 12
51 98
51 121
51 121
51 178
52 12
52 98
52 98
52 121
52 121
52 121
52 121
52 178
52 41
52 58
53 12
53 98
53 121
53 121
53 178
54 12
54 98
54 121
54 121
54 178
55 12
55 98
55 121
55 121
55 178
56 12
56 98
56 121
56 121
56 178
57 12
57 98
57 121
57 121
57 178
58 12
58 98
58 121
58 121
58 178
59 12
59 98
59 121
59 121
59 178
60 12
60 98
60 121
60 121
60 178
61 12
61 98
61 121
61 121
61 178
62 12
62 98
62 121
62 121
62 178
63 12
63 98
63 121
63 121
63 178
64 12
64 98
64 121
64 121
64 178
65 12
65 98
65 121
65 121
65 178
66 12
66 98
66 121
66 121
66 178
67 12
67 98
67 121
67 121
67 178
67 1181
68 12
68 98
68 121
68 121
68 178
69 12
69 98
69 121
69 121
69 178
70 12
70 98
70 121
70 121
70 178
71 12
71 98
71 121
71 121
71 178
72 12
72 98
72 121
72 121
72 178
73 12
73 98
73 121
73 121
73 178
74 12
74 98
74 121
74 121
74 178
75 12
75 98
75 121
75 121
75 178
75 392
76 12
76 98
76 121
76 121
76 178
77 12
77 98
77 121
77 121
77 178
78 12
78 98
78 121
78 121
78 178
79 12
79 98
79 121
79 121
79 178
80 12
80 98
80 121
80 121
80 178
81 12
81 98
81 121
81 121
81 178
81 1134
82 12
82 98
82 121
82 121
82 178
83 12
83 98
83 121
83 121
83 178
83 392
84 12
84 98
84 121
84 121
84 178
85 12
85 98
85 121
85 121
85 178
85 938
86 12
86 98
86 121
86 121
86 178
87 12
87 98
87 121
87 121
87 178
88 12
88 98
88 121
88 121
88 178
89 12
89 98
89 121
89 121
89 178
90 12
90 98
90 121
90 121
90 178
90 938
91 12
91 98
91 121
91 121
91 178
92 12
92 98
92 121
92 121
92 178
93 12
93 98
93 121
93 121
93 178
94 12
94 98
94 121
94 121
94 178
95 12
95 98
95 121
95 121
95 178
96 12
96 98
96 121
96 121
96 178
97 788
97 12
97 98
97 121
97 121
97 178
98 12
98 98
98 121
98 121
98 178
98 1080
99 12
99 98
99 121
99 121
99 178
100 12
100 98
100 121
100 121
100 178
101 12
101 98
101 121
101 121
101 178
101 1008
102 12
102 98
102 121
102 121
102 178
103 12
103 98
103 121
103 121
103 178
103 500
104 12
104 98
104 121
104 121
104 178
104 1134
105 12
105 98
105 121
105 121
105 178
105 1181
106 12
106 98
106 121
106 121
106 178
106 1047
107 12
107 98
107 121
107 121
107 178
107 227
108 12
108 98
108 121
108 121
108 178
109 12
109 98
109 121
109 121
109 178
109 1080
110 926
110 12
110 98
110 121
110 121
110 178
110 1181
111 12
111 98
111 121
111 121
111 178
112 12
112 98
112 121
112 121
112 178
113 12
113 98
113 121
113 121
113 178
114 12
114 98
114 121
114 121
114 178
114 1047
115 12
115 98
115 121
115 121
115 178
115 1134
116 12
116 98
116 121
116 121
116 178
116 392
117 12
117 98
117 121
117 121
117 178
118 12
118 98
118 121
118 121
118 178
119 12
119 98
119 121
119 121
119 178
120 12
120 98
120 121
120 121
120 178
120 1047
121 12
121 98
121 121
121 121
121 178
122 12
122 98
122 121
122 121
122 178
123 12
123 98
123 121
123 121
123 178
123 538
124 12
124 98
124 121
124 121
124 178
125 12
125 98
125 121
125 121
125 178
126 12
126 98
126 121
126 121
126 178
127 12
127 98
127 121
127 121
127 178
128 12
128 98
128 121
128 121
128 178
128 1081
129 12
129 98
129 121
129 121
129 178
130 12
130 98
130 121
130 121
130 178
131 12
131 98
131 121
131 121
131 178
131 681
132 12
132 98
132 121
132 121
132 178
133 12
133 98
133 121
133 121
133 178
134 12
134 98
134 121
134 121
134 178
135 12
135 98
135 121
135 121
135 178
135 1080
136 12
136 98
136 121
136 121
136 178
137 12
137 98
137 121
137 121
137 178
138 12
138 98
138 121
138 121
138 178
139 12
139 98
139 121
139 121
139 178
139 900
140 12
140 98
140 121
140 121
140 178
141 12
141 98
141 121
141 121
141 178
141 1047
142 12
142 98
142 121
142 121
142 178
143 12
143 98
143 121
143 121
143 178
144 12
144 98
144 121
144 121
144 178
145 12
145 98
145 121
145 121
145 178
146 12
146 98
146 121
146 121
146 178
146 1047
147 12
147 98
147 121
147 121
147 178
147 1135
148 12
148 98
148 121
148 121
148 178
149 12
149 98
149 121
149 121
149 178
150 12
150 98
150 121
150 121
150 178
150 1178
151 853
151 12
151 98
151 121
151 121
151 178
152 807
152 793
152 1061
152 12
152 98
152 121
152 121
152 178
153 12
153 98
153 121
153 121
153 178
154 12
154 98
154 121
154 121
154 178
155 12
155 98
155 119
155 121
155 119
155 121
155 178
156 12
156 98
156 121
156 121
156 178
157 12
157 98
157 121
157 121
157 178
158 12
158 98
158 121
158 121
158 178
159 12
159 98
159 121
159 121
159 178
160 12
160 98
160 121
160 121
160 178
160 1047
161 12
161 98
161 121
161 121
161 178
162 12
162 98
162 121
162 121
162 178
163 12
163 98
163 121
163 121
163 178
163 1075
164 12
164 98
164 121
164 121
164 178
164 500
165 12
165 98
165 121
165 121
165 178
165 1181
166 12
166 98
166 121
166 121
166 178
167 12
167 98
167 121
167 121
167 178
167 392
168 12
168 98
168 121
168 121
168 178
169 12
169 98
169 121
169 121
169 178
170 12
170 98
170 121
170 121
170 178
171 12
171 98
171 121
171 121
171 178
172 12
172 98
172 121
172 121
172 178
173 538
173 115
173 115
173 12
173 98
173 121
173 121
173 178
173 449
174 12
174 98
174 121
174 121
174 178
175 12
175 98
175 121
175 121
175 178
176 12
176 98
176 121
176 121
176 178
177 12
177 98
177 121
177 121
177 178
178 12
178 98
178 121
178 121
178 178
179 12
179 98
179 121
179 121
179 178
180 12
180 98
180 121
180 121
180 178
180 385
180 500
181 12
181 98
181 121
181 121
181 178
181 392
182 12
182 98
182 121
182 121
182 178
183 12
183 98
183 121
183 121
183 178
183 900
184 12
184 98
184 121
184 121
184 178
185 12
185 98
185 121
185 121
185 178
185 1047
186 12
186 98
186 121
186 121
186 178
186 1047
187 12
187 98
187 121
187 121
187 178
187 900
188 12
188 98
188 121
188 121
188 178
188 500
189 12
189 98
189 121
189 121
189 178
189 897
190 12
190 98
190 121
190 121
190 178
190 392
191 12
191 98
191 121
191 121
191 178
191 1181
192 12
192 98
192 121
192 121
192 178
192 298
193 12
193 98
193 121
193 121
193 178
194 12
194 98
194 121
194 121
194 178
195 12
195 98
195 121
195 121
195 178
196 12
196 98
196 121
196 121
196 178
197 12
197 98
197 121
197 121
197 178
198 12
198 98
198 121
198 121
198 178
198 392
199 12
199 98
199 121
199 121
199 178
200 12
200 98
200 121
200 121
200 178
200 392
201 12
201 98
201 121
201 121
201 178
201 500
201 265
202 12
202 98
202 121
202 121
202 178
203 12
203 98
203 121
203 121
203 178
204 12
204 98
204 121
204 121
204 178
205 12
205 98
205 121
205 121
205 178
205 1134
206 12
206 98
206 121
206 121
206 178
207 12
207 98
207 121
207 121
207 178
207 500
208 12
208 98
208 121
208 121
208 178
208 500
209 12
209 98
209 121
209 121
209 178
209 1181
210 12
210 98
210 121
210 121
210 178
211 12
211 98
211 121
211 121
211 178
211 500
212 12
212 98
212 121
212 121
212 178
212 932
213 12
213 98
213 121
213 121
213 178
214 12
214 98
214 121
214 121
214 178
215 12
215 98
215 121
215 121
215 178
216 12
216 98
216 121
216 121
216 178
217 12
217 98
217 121
217 121
217 178
217 938
218 12
218 98
218 121
218 121
218 178
218 1047
219 12
219 98
219 121
219 121
219 178
220 12
220 98
220 121
220 121
220 178
220 500
221 12
221 98
221 121
221 121
221 178
221 900
222 12
222 98
222 121
222 121
222 178
223 12
223 98
223 121
223 121
223 178
224 12
224 98
224 121
224 121
224 178
225 12
225 98
225 121
225 121
225 178
226 12
226 98
226 121
226 121
226 178
226 500
227 12
227 98
227 121
227 121
227 178
228 12
228 98
228 121
228 121
228 178
229 12
229 98
229 121
229 121
229 178
230 12
230 98
230 121
230 121
230 178
231 12
231 98
231 121
231 121
231 178
232 12
232 98
232 121
232 121
232 178
233 12
233 98
233 121
233 121
233 178
234 12
234 98
234 121
234 121
234 178
235 12
235 98
235 121
235 121
235 178
235 1178
236 12
236 98
236 121
236 121
236 178
236 1178
237 12
237 98
237 121
237 121
237 178
237 923
238 12
238 98
238 121
238 121
238 178
238 500
239 12
239 98
239 121
239 121
239 178
239 500
240 12
240 98
240 121
240 121
240 178
240 1075
241 12
241 98
241 121
241 121
241 178
242 262
242 12
242 98
242 121
242 121
242 178
243 12
243 98
243 121
243 121
243 178
243 500
244 12
244 98
244 121
244 121
244 178
245 12
245 98
245 121
245 121
245 178
246 12
246 98
246 121
246 121
246 178
246 1081
247 12
247 98
247 121
247 121
247 178
247 986
248 12
248 98
248 121
248 121
248 178
249 12
249 98
249 121
249 121
249 178
250 12
250 98
250 121
250 121
250 178
251 12
251 98
251 121
251 121
251 178
252 12
252 98
252 121
252 121
252 178
253 12
253 98
253 121
253 121
253 178
254 12
254 98
254 121
254 121
254 178
254 507
255 12
255 98
255 121
255 121
255 178
256 12
256 98
256 121
256 121
256 178
257 12
257 98
257 121
257 121
257 178
258 12
258 98
258 121
258 121
258 178
258 500
259 12
259 98
259 121
259 121
259 178
259 500
260 12
260 98
260 121
260 121
260 178
261 12
261 98
261 121
261 121
261 178
261 500
262 12
262 98
262 121
262 121
262 178
262 500
263 12
263 98
263 121
263 121
263 178
263 900
264 12
264 98
264 121
264 121
264 178
264 1178
265 12
265 98
265 121
265 121
265 178
265 1081
266 12
266 98
266 121
266 121
266 178
266 788
267 12
267 98
267 121
267 121
267 178
268 12
268 98
268 121
268 121
268 178
269 12
269 98
269 121
269 121
269 178
270 12
270 98
270 121
270 121
270 178
270 500
271 12
271 98
271 121
271 121
271 178
272 12
272 98
272 121
272 121
272 178
272 500
273 12
273 98
273 121
273 121
273 178
274 12
274 98
274 121
274 121
274 178
275 12
275 98
275 121
275 121
275 178
276 12
276 98
276 121
276 121
276 178
276 1081
277 12
277 98
277 121
277 121
277 178
278 12
278 98
278 121
278 121
278 178
278 1081
279 12
279 98
279 121
279 121
279 178
280 12
280 98
280 121
280 121
280 178
281 12
281 98
281 121
281 130
281 121
281 130
282 12
282 98
282 121
282 121
282 178
283 12
283 98
283 121
283 121
283 178
283 500
284 12
284 98
284 121
284 121
284 178
285 12
285 98
285 121
285 121
285 178
286 12
286 98
286 121
286 121
286 178
287 12
287 98
287 121
287 121
287 178
288 12
288 98
288 121
288 121
288 178
289 12
289 98
289 121
289 121
289 178
289 932
290 12
290 98
290 121
290 121
290 178
291 12
291 98
291 121
291 121
291 178
291 500
292 12
292 98
292 121
292 121
292 178
293 12
293 98
293 121
293 121
293 178
294 12
294 98
294 121
294 121
294 178
294 1178
295 12
295 98
295 121
295 121
295 178
295 923
296 12
296 98
296 121
296 121
296 178
297 12
297 98
297 121
297 121
297 178
298 12
298 98
298 121
298 121
298 178
299 12
299 98
299 121
299 121
299 178
300 12
300 98
300 121
300 121
300 178
300 900
301 12
301 98
301 121
301 121
301 178
302 12
302 98
302 121
302 121
302 178
303 12
303 98
303 121
303 121
303 178
304 12
304 98
304 121
304 121
304 178
305 353
305 12
305 98
305 121
305 121
305 178
306 12
306 98
306 121
306 121
306 178
307 398
307 12
307 98
307 121
307 121
307 178
307 392
308 12
308 98
308 121
308 121
308 178
309 12
309 98
309 121
309 121
309 178
310 12
310 98
310 121
310 121
310 178
310 392
311 12
311 98
311 121
311 121
311 178
312 12
312 98
312 121
312 121
312 178
313 12
313 98
313 121
313 121
313 178
313 1008
314 12
314 98
314 121
314 121
314 178
314 392
315 12
315 98
315 121
315 121
315 178
316 12
316 98
316 121
316 121
316 178
317 12
317 98
317 121
317 121
318 12
318 98
318 121
318 121
318 178
319 12
319 98
319 121
319 121
319 178
320 12
320 98
320 121
320 121
320 178
320 1080
321 12
321 98
321 121
321 121
321 178
322 12
322 98
322 121
322 121
322 178
323 12
323 98
323 121
323 121
323 178
323 1008
324 12
324 98
324 121
324 121
324 178
325 12
325 98
325 121
325 121
325 178
326 12
326 98
326 121
326 121
326 178
327 12
327 98
327 121
327 121
327 178
328 12
328 98
328 121
328 121
328 178
328 938
329 12
329 98
329 121
329 121
329 178
330 12
330 98
330 121
330 121
330 178
331 12
331 98
331 121
331 121
331 178
332 12
332 98
332 121
332 121
332 178
333 12
333 98
333 121
333 121
333 178
333 938
334 12
334 98
334 121
334 121
334 178
335 12
335 98
335 121
335 121
335 178
336 12
336 98
336 121
336 121
336 178
336 1080
337 12
337 98
337 121
337 121
337 178
338 12
338 98
338 121
338 121
338 178
339 12
339 98
339 121
339 121
339 178
340 12
340 98
340 121
340 121
340 178
341 12
341 98
341 121
341 121
341 178
342 12
342 98
342 121
342 121
342 178
343 12
343 98
343 121
343 121
343 178
344 12
344 98
344 121
344 121
344 178
345 12
345 98
345 121
345 121
345 178
346 12
346 98
346 121
346 121
346 178
346 500
347 12
347 98
347 121
347 121
347 178
348 12
348 98
348 121
348 121
348 178
349 12
349 98
349 121
349 121
349 178
350 12
350 98
350 121
350 121
350 178
351 12
351 98
351 121
351 121
351 178
352 549
352 12
352 98
352 121
352 121
352 178
352 923
352 611
353 12
353 98
353 121
353 121
353 178
353 1008
354 12
354 98
354 121
354 121
354 178
355 12
355 98
355 121
355 121
355 178
356 12
356 98
356 121
356 121
356 178
357 12
357 98
357 121
357 121
357 178
358 12
358 98
358 121
358 121
358 178
358 1047
358 477
359 12
359 98
359 121
359 121
359 178
360 12
360 98
360 121
360 121
360 178
361 12
361 98
361 121
361 121
361 178
362 12
362 98
362 121
362 121
362 178
363 12
363 98
363 121
363 121
363 178
364 12
364 98
364 121
364 121
364 178
364 392
365 12
365 98
365 121
365 121
365 178
366 12
366 98
366 121
366 121
366 178
367 12
367 98
367 121
367 121
367 178
368 12
368 98
368 121
368 121
368 178
369 12
369 98
369 121
369 121
369 178
370 12
370 178
370 905
370 906
370 475
371 12
371 98
371 121
371 121
371 178
371 1008
372 12
372 98
372 121
372 121
372 178
373 12
373 98
373 121
373 121
373 178
374 12
374 98
374 121
374 121
374 178
375 12
375 98
375 121
375 121
375 178
375 1075
376 12
376 98
376 121
376 121
376 178
377 12
377 98
377 121
377 121
377 178
377 1075
378 12
378 98
378 121
378 121
378 178
379 12
379 98
379 121
379 121
379 178
380 12
380 98
380 121
380 121
380 178
381 12
381 98
381 121
381 121
381 178
381 1075
381 319
382 12
382 98
382 121
382 121
382 178
383 12
383 98
383 121
383 121
383 178
383 953
384 12
384 98
384 121
384 121
384 178
384 932
385 12
385 98
385 121
385 121
385 178
385 618
385 724
386 12
386 98
386 121
386 121
387 12
387 98
387 121
387 121
387 178
388 12
388 98
388 121
388 121
388 178
388 1008
389 12
389 98
389 121
389 121
389 178
390 12
390 98
390 121
390 121
390 178
391 12
391 98
391 121
391 121
391 178
392 12
392 98
392 121
392 121
392 178
392 932
393 12
393 98
393 121
393 121
394 12
394 98
394 121
394 121
394 178
395 12
395 98
395 121
395 121
395 178
396 12
396 98
396 121
396 121
396 178
397 12
397 98
397 121
397 121
397 178
398 12
398 98
398 121
398 121
398 178
399 12
399 98
399 121
399 121
399 178
399 1008
399 523
400 12
400 98
400 121
400 121
400 178
401 12
401 98
401 121
401 121
401 178
402 12
402 98
402 121
402 121
402 178
403 12
403 98
403 121
403 121
403 178
404 12
404 98
404 121
404 121
404 178
405 12
405 98
405 121
405 121
405 178
406 12
406 98
406 121
406 121
406 178
407 12
407 98
407 121
407 121
407 178
408 12
408 98
408 121
408 121
408 178
409 12
409 98
409 121
409 121
409 178
410 12
410 98
410 121
410 121
410 178
411 12
411 98
411 121
411 121
411 178
412 12
412 98
412 121
412 121
412 178
412 932
413 12
413 98
413 121
413 121
413 178
414 12
414 98
414 121
414 121
414 178
415 12
415 98
415 121
415 121
415 178
416 12
416 98
416 121
416 121
416 178
417 12
417 98
417 121
417 121
417 178
418 12
418 98
418 121
418 121
418 178
419 12
419 98
419 121
419 121
419 178
420 12
420 98
420 121
420 121
420 178
420 932
421 12
421 98
421 121
421 121
421 178
422 984
422 117
422 12
422 98
422 121
422 121
422 178
422 117
422 117
422 360
423 12
423 98
423 121
423 121
423 178
424 12
424 98
424 121
424 121
424 178
425 12
425 98
425 121
425 121
425 178
426 12
426 98
426 121
426 121
426 178
427 12
427 98
427 121
427 121
427 178
428 12
428 98
428 121
428 121
428 178
429 12
429 98
429 121
429 121
429 178
430 12
430 98
430 121
430 121
430 178
431 12
431 98
431 121
431 121
431 178
432 12
432 98
432 121
432 121
432 178
433 12
433 98
433 121
433 121
433 178
434 12
434 98
434 121
434 121
434 178
435 12
435 98
435 121
435 121
435 178
436 12
436 98
436 121
436 121
436 178
437 12
437 98
437 121
437 121
437 178
438 12
438 98
438 121
438 121
438 178
439 12
439 98
439 121
439 121
439 178
439 104
439 104
440 12
440 98
440 121
440 121
440 178
440 923
441 12
441 98
441 121
441 121
441 178
442 12
442 98
442 121
442 121
442 178
443 12
443 98
443 121
443 121
443 178
443 897
444 12
444 98
444 121
444 121
444 178
445 12
445 98
445 121
445 121
445 178
446 12
446 98
446 121
446 121
446 178
447 12
447 98
447 121
447 121
447 178
448 12
448 98
448 121
448 121
448 178
449 12
449 98
449 121
449 121
449 178
450 12
450 98
450 121
450 121
450 178
451 12
451 98
451 121
451 121
451 178
452 12
452 98
452 121
452 121
452 178
453 12
453 98
453 121
453 121
453 178
454 12
454 98
454 121
454 121
454 178
455 222
455 12
455 98
455 121
455 121
455 178
456 12
456 98
456 121
456 121
456 178
457 12
457 98
457 121
457 121
457 178
458 12
458 98
458 121
458 121
458 178
459 12
459 98
459 121
459 121
459 178
460 12
460 98
460 121
460 121
460 178
461 12
461 98
461 121
461 121
461 178
462 12
462 98
462 121
462 121
462 178
463 12
463 98
463 121
463 121
463 178
464 12
464 98
464 121
464 121
464 178
464 923
465 12
465 98
465 121
465 121
465 178
465 897
466 12
466 98
466 121
466 121
466 178
467 12
467 98
467 121
467 121
467 178
468 12
468 98
468 121
468 121
468 178
468 897
469 12
469 98
469 121
469 121
469 27
469 99
470 12
470 98
470 121
470 121
470 178
471 12
471 98
471 121
471 121
471 178
472 12
472 98
472 121
472 121
472 178
473 12
473 98
473 121
473 121
473 178
474 12
474 98
474 121
474 121
474 178
475 12
475 98
475 121
475 121
475 178
476 12
476 98
476 121
476 121
476 178
477 1021
477 12
477 98
477 121
477 121
477 178
478 12
478 98
478 121
478 121
478 178
479 12
479 98
479 121
479 121
479 178
480 12
480 98
480 121
480 121
480 178
481 12
481 98
481 121
481 121
481 178
482 12
482 98
482 121
482 121
482 178
483 12
483 98
483 121
483 121
483 178
484 12
484 98
484 121
484 121
484 178
485 12
485 98
485 121
485 121
485 178
486 12
486 98
486 121
486 121
486 178
487 12
487 98
487 121
487 121
487 178
488 12
488 98
488 121
488 121
488 178
489 12
489 98
489 121
489 121
489 178
490 12
490 98
490 121
490 121
490 178
491 12
491 98
491 121
491 121
491 178
492 12
492 98
492 121
492 121
492 178
493 12
493 98
493 121
493 121
493 178
494 12
494 98
494 121
494 121
494 178
495 12
495 98
495 121
495 121
495 178
496 12
496 98
496 121
496 121
496 178
497 12
497 98
497 121
497 121
497 178
498 12
498 98
498 121
498 121
498 178
499 12
499 98
499 121
499 121
499 178
500 12
500 98
500 121
500 121
500 178
501 12
501 98
501 121
501 121
501 178
502 12
502 98
502 121
502 121
502 178
503 12
503 98
503 121
503 121
503 178
504 12
504 98
504 121
504 121
504 178
505 12
505 98
505 121
505 121
505 178
506 12
506 98
506 121
506 121
506 178
507 12
507 98
507 121
507 121
507 178
508 12
508 98
508 121
508 121
508 178
509 12
509 98
509 121
509 121
509 178
510 12
510 98
510 121
510 121
510 178
511 12
511 98
511 121
511 121
511 178
512 12
512 98
512 121
512 121
512 178
513 12
513 98
513 121
513 121
513 178
514 12
514 98
514 121
514 121
514 178
515 12
515 98
515 121
515 121
515 178
515 897
516 12
516 121
516 121
516 178
516 308
517 12
517 121
517 121
517 178
517 897
518 12
518 121
518 121
518 121
518 121
518 178
519 12
519 121
519 121
519 121
519 121
519 178
520 12
520 121
520 121
520 121
520 121
520 178
521 12
521 121
521 121
521 121
521 121
521 178
522 12
522 121
522 121
522 178
523 853
523 12
523 121
523 121
523 178
524 268
524 123
524 123
524 701
524 538
524 14
524 799
524 347
525 15
525 34
525 65
525 314
525 180
526 246
526 15
526 56
526 91
526 88
526 89
526 90
527 961
527 25
527 30
527 17
527 280
527 220
527 29
528 18
528 176
528 648
528 768
528 281
529 389
529 901
529 79
529 65
529 314
529 18
530 18
530 123
530 123
530 701
530 49
531 277
531 18
531 289
531 278
531 326
531 173
532 686
532 221
532 19
532 273
532 538
533 19
533 651
533 116
533 116
533 252
534 1183
534 1186
534 1188
534 713
534 20
534 261
534 608
534 1184
535 306
535 633
535 634
535 695
535 1094
535 690
535 650
535 1157
535 20
535 556
536 845
536 21
536 133
536 133
536 654
537 557
537 87
537 21
537 1051
538 49
538 22
538 305
538 538
538 115
538 115
539 23
539 123
539 123
539 701
539 101
540 146
540 24
540 147
540 322
540 43
540 89
541 706
541 25
541 799
541 799
541 115
541 115
541 538
541 364
542 250
542 1219
542 619
542 25
542 474
542 1138
542 1130
543 1143
543 521
543 956
543 25
543 804
543 759
543 1009
543 1005
544 25
544 307
544 61
544 80
545 26
545 223
545 65
545 314
545 52
546 27
546 954
546 113
546 113
546 109
547 27
547 99
547 940
547 65
547 314
547 32
547 4
547 1152
548 28
548 267
548 282
548 320
548 1202
549 854
549 41
549 58
549 143
549 41
549 58
549 527
549 28
549 267
549 90
550 691
550 28
550 267
550 402
551 234
551 28
551 232
551 267
551 108
551 108
551 61
552 28
552 267
552 344
552 222
552 275
552 219
552 777
552 538
552 293
552 331
552 332
552 427
553 262
553 907
553 35
553 206
553 28
553 35
553 35
553 35
553 35
554 391
554 275
554 313
554 378
554 28
554 267
555 28
555 267
555 28
555 267
555 1027
556 28
556 28
556 267
556 267
556 179
557 28
557 267
557 231
557 840
558 134
558 134
558 168
558 31
559 32
559 32
559 32
559 933
559 945
559 583
560 32
560 832
560 65
560 314
560 350
560 612
561 32
561 585
561 821
561 715
561 665
562 726
562 127
562 127
562 33
562 243
563 357
563 180
563 33
563 852
563 538
563 538
563 538
564 33
564 383
564 180
564 136
564 136
565 33
565 180
565 321
565 538
565 174
565 708
565 561
566 665
566 496
566 568
566 36
566 290
566 1163
567 166
567 65
567 314
567 799
567 347
567 37
567 538
567 538
567 115
567 115
568 39
568 123
568 123
568 322
568 701
569 140
569 140
569 39
569 878
569 149
569 81
569 85
569 172
569 217
569 197
569 183
569 214
570 41
570 58
570 98
570 121
570 121
571 41
571 58
571 98
571 121
571 121
572 41
572 58
572 98
572 121
572 121
573 41
573 58
573 98
573 121
573 121
574 41
574 58
574 98
574 121
574 121
575 41
575 58
575 98
575 121
575 121
576 41
576 58
576 98
576 121
576 121
577 41
577 58
577 98
577 121
577 121
578 41
578 58
578 98
578 121
578 121
579 41
579 58
579 98
579 121
579 121
579 782
580 41
580 58
580 98
580 121
580 121
581 41
581 58
581 98
581 121
581 121
582 41
582 58
582 98
582 121
582 121
583 41
583 58
583 98
583 121
583 121
584 41
584 58
584 98
584 121
584 121
585 41
585 58
585 98
585 121
585 121
585 1078
586 41
586 58
586 98
586 121
586 121
586 949
587 41
587 58
587 98
587 121
587 121
588 41
588 58
588 98
588 121
588 121
588 980
589 41
589 58
589 98
589 121
589 121
590 41
590 58
590 98
590 121
590 121
591 228
591 41
591 58
591 98
591 121
591 121
591 980
592 41
592 58
592 98
592 121
592 121
593 41
593 58
593 98
593 121
593 121
594 41
594 58
594 98
594 121
594 121
595 41
595 58
595 98
595 121
595 121
596 41
596 58
596 98
596 121
596 121
597 41
597 58
597 98
597 121
597 121
598 41
598 58
598 98
598 121
598 121
599 41
599 58
599 98
599 121
599 121
600 41
600 58
600 98
600 121
600 121
601 41
601 58
601 98
601 121
601 121
602 41
602 58
602 98
602 121
602 121
603 41
603 58
603 98
603 121
603 121
604 41
604 58
604 98
604 121
604 121
605 41
605 58
605 98
605 121
605 121
606 41
606 58
606 98
606 121
606 121
607 41
607 58
607 98
607 121
607 121
608 41
608 58
608 98
608 121
608 121
608 393
609 41
609 58
609 98
609 121
609 121
610 41
610 58
610 98
610 121
610 121
611 41
611 58
611 98
611 121
611 121
611 980
612 41
612 58
612 98
612 121
612 121
613 41
613 58
613 98
613 121
613 121
613 980
614 41
614 58
614 98
614 121
614 121
615 41
615 58
615 98
615 121
615 121
616 41
616 58
616 98
616 121
616 121
617 41
617 58
617 98
617 121
617 121
618 41
618 58
618 98
618 121
618 121
619 41
619 58
619 98
619 121
619 121
620 41
620 58
620 98
620 121
620 121
621 41
621 58
621 98
621 121
621 121
621 980
622 41
622 58
622 98
622 121
622 121
623 41
623 58
623 98
623 121
623 121
623 949
624 41
624 58
624 98
624 121
624 121
625 41
625 58
625 98
625 121
625 121
626 41
626 58
626 98
626 121
626 121
627 41
627 58
627 98
627 121
627 121
628 41
628 58
628 98
628 121
628 121
628 949
629 41
629 58
629 98
629 121
629 121
630 41
630 58
630 98
630 121
630 121
631 41
631 41
631 58
631 58
631 98
631 98
631 121
631 121
631 121
631 121
632 41
632 58
632 98
632 121
632 121
633 110
633 110
633 41
633 58
633 153
634 41
634 58
634 98
634 121
634 121
635 41
635 58
635 98
635 121
635 121
636 41
636 58
636 98
636 121
636 121
637 41
637 58
637 98
637 121
637 121
638 41
638 58
638 98
638 121
638 121
639 41
639 58
639 98
639 121
639 121
640 41
640 58
640 98
640 121
640 121
641 41
641 58
641 98
641 121
641 121
642 41
642 58
642 98
642 121
642 121
643 41
643 58
643 98
643 121
643 121
644 41
644 58
644 98
644 121
644 121
645 41
645 58
645 98
645 121
645 121
646 41
646 58
646 98
646 121
646 121
647 41
647 58
647 98
647 121
647 121
648 41
648 58
648 98
648 121
648 121
649 41
649 58
649 98
649 121
649 121
650 41
650 58
650 98
650 121
650 121
651 41
651 58
651 98
651 121
651 121
652 41
652 58
652 98
652 121
652 121
653 41
653 58
653 98
653 121
653 121
654 41
654 58
654 98
654 121
654 121
654 980
655 41
655 58
655 98
655 121
655 121
655 980
656 41
656 58
656 98
656 121
656 121
657 41
657 58
657 98
657 121
657 121
658 41
658 58
658 98
658 121
658 121
658 949
659 41
659 58
659 98
659 121
659 121
659 972
660 41
660 58
660 98
660 121
660 121
661 41
661 58
661 98
661 121
661 121
661 949
662 41
662 58
662 98
662 121
662 121
663 41
663 58
663 98
663 121
663 121
664 41
664 58
664 98
664 121
664 121
665 41
665 58
665 98
665 121
665 121
666 41
666 58
666 98
666 121
666 121
667 41
667 58
667 98
667 121
667 121
668 41
668 58
668 98
668 121
668 121
669 41
669 58
669 98
669 121
669 121
670 41
670 58
670 98
670 121
670 121
671 41
671 58
671 98
671 121
671 121
672 41
672 58
672 98
672 121
672 121
673 41
673 58
673 98
673 121
673 121
674 41
674 58
674 98
674 121
674 121
675 41
675 58
675 98
675 121
675 121
676 41
676 58
676 98
676 121
676 121
677 41
677 58
677 98
677 121
677 121
678 41
678 58
678 98
678 121
678 121
679 41
679 58
679 98
679 121
679 121
680 41
680 58
680 98
680 121
680 121
681 41
681 58
681 98
681 121
681 121
682 41
682 58
682 98
682 121
682 121
683 41
683 58
683 98
683 121
683 121
684 41
684 58
684 98
684 121
684 121
685 41
685 58
685 98
685 121
685 121
686 41
686 58
686 98
686 121
686 121
687 41
687 58
687 98
687 121
687 121
688 41
688 58
688 98
688 121
688 121
688 972
689 41
689 58
689 98
689 121
689 121
690 41
690 42
690 58
690 98
690 121
690 121
691 41
691 58
691 98
691 121
691 121
692 930
692 595
692 386
692 1249
692 41
692 58
692 98
692 121
692 121
693 41
693 58
693 98
693 121
693 121
693 949
694 41
694 58
694 98
694 121
694 121
695 41
695 58
695 98
695 121
695 121
696 41
696 58
696 98
696 121
696 121
697 41
697 58
697 98
697 121
697 121
698 41
698 58
698 98
698 121
698 121
699 524
699 41
699 58
699 98
699 121
699 121
700 439
700 41
700 58
700 98
700 121
700 121
701 41
701 58
701 98
701 121
701 121
702 41
702 58
702 98
702 121
702 121
703 41
703 58
703 98
703 121
703 121
704 41
704 58
704 98
704 121
704 121
704 980
705 41
705 58
705 98
705 121
705 121
706 41
706 58
706 98
706 121
706 121
707 987
707 41
707 58
707 98
707 121
707 121
708 41
708 58
708 98
708 121
708 121
709 41
709 58
709 98
709 121
709 121
710 41
710 58
710 98
710 121
710 121
711 41
711 58
711 98
711 121
711 121
712 41
712 58
712 98
712 121
712 121
713 41
713 58
713 98
713 121
713 121
714 41
714 58
714 98
714 121
714 121
715 41
715 58
715 98
715 121
715 121
716 41
716 58
716 98
716 121
716 121
717 41
717 58
717 98
717 121
717 121
718 41
718 58
718 98
718 121
718 121
719 41
719 58
719 98
719 121
719 121
720 41
720 58
720 98
720 121
720 121
721 41
721 58
721 98
721 121
721 121
722 41
722 58
722 98
722 121
722 121
723 41
723 58
723 98
723 121
723 121
724 41
724 58
724 98
724 121
724 121
725 41
725 58
725 98
725 121
725 121
726 41
726 58
726 98
726 121
726 121
727 41
727 58
727 98
727 121
727 121
728 41
728 58
728 98
728 121
728 121
729 41
729 58
729 98
729 121
729 121
730 41
730 58
730 98
730 121
730 121
731 41
731 58
731 98
731 121
731 121
731 929
732 41
732 58
732 98
732 121
732 121
733 41
733 58
733 98
733 121
733 121
734 41
734 58
734 98
734 121
734 121
734 929
735 41
735 58
735 98
735 121
735 121
736 41
736 58
736 98
736 121
736 121
736 949
737 41
737 58
737 98
737 121
737 121
738 41
738 58
738 98
738 121
738 121
739 41
739 58
739 98
739 121
739 121
740 41
740 58
740 98
740 121
740 121
741 41
741 58
741 98
741 121
741 121
742 41
742 58
742 98
742 121
742 121
743 41
743 58
743 98
743 121
743 121
744 41
744 58
744 98
744 121
744 121
744 972
745 41
745 58
745 98
745 121
745 121
746 41
746 58
746 98
746 121
746 121
746 972
747 41
747 58
747 98
747 121
747 121
748 41
748 58
748 98
748 121
748 121
749 41
749 58
749 98
749 121
749 121
750 41
750 58
750 98
750 121
750 121
751 41
751 58
751 98
751 121
751 121
752 41
752 58
752 98
752 121
752 121
753 41
753 58
753 98
753 121
753 121
754 41
754 58
754 98
754 121
754 121
755 41
755 58
755 98
755 121
755 121
756 41
756 58
756 98
756 121
756 121
757 41
757 58
757 98
757 121
757 121
758 41
758 58
758 98
758 121
758 121
759 41
759 58
759 98
759 121
759 121
759 972
760 41
760 58
760 98
760 121
760 121
761 41
761 58
761 98
761 121
761 121
762 41
762 58
762 98
762 121
762 121
763 41
763 58
763 98
763 121
763 121
764 41
764 58
764 98
764 121
764 121
765 41
765 58
765 98
765 121
765 121
766 41
766 58
766 98
766 121
766 121
767 41
767 58
767 98
767 121
767 121
768 41
768 58
768 98
768 121
768 121
769 41
769 58
769 98
769 121
769 121
770 41
770 58
770 98
770 121
770 121
771 41
771 58
771 98
771 121
771 121
772 41
772 58
772 98
772 121
772 121
772 972
773 41
773 58
773 98
773 121
773 121
774 41
774 58
774 98
774 121
774 121
775 41
775 58
775 98
775 121
775 121
776 41
776 58
776 98
776 121
776 121
777 41
777 58
777 98
777 121
777 121
778 41
778 58
778 98
778 121
778 121
779 41
779 58
779 98
779 121
779 121
780 41
780 58
780 98
780 121
780 121
781 41
781 58
781 98
781 121
781 121
782 41
782 58
782 98
782 121
782 121
783 41
783 58
783 98
783 121
783 121
784 41
784 58
784 98
784 121
784 121
785 41
785 58
785 98
785 121
785 121
785 972
786 41
786 58
786 98
786 121
786 121
787 41
787 58
787 98
787 121
787 121
787 949
788 41
788 58
788 98
788 121
788 121
789 41
789 58
789 98
789 121
789 121
790 41
790 58
790 98
790 121
790 121
791 41
791 58
791 98
791 121
791 121
792 41
792 58
792 98
792 121
792 121
792 972
793 41
793 58
793 98
793 121
793 121
794 41
794 58
794 98
794 121
794 121
795 41
795 58
795 98
795 121
795 121
796 41
796 58
796 98
796 121
796 121
797 41
797 58
797 98
797 121
797 121
798 41
798 58
798 98
798 121
798 121
798 972
799 41
799 58
799 98
799 121
799 121
800 41
800 58
800 98
800 121
800 121
801 41
801 58
801 98
801 121
801 121
802 41
802 58
802 98
802 121
802 121
803 41
803 58
803 98
803 121
803 121
804 41
804 58
804 98
804 121
804 121
805 41
805 58
805 98
805 121
805 121
806 41
806 58
806 98
806 121
806 121
807 752
807 41
807 58
807 98
807 121
807 121
808 41
808 58
808 98
808 121
808 121
809 163
809 41
809 58
809 98
809 121
809 121
809 41
809 58
809 98
809 121
809 121
810 41
810 58
810 98
810 121
810 121
811 856
811 286
811 41
811 58
811 98
811 121
811 121
811 854
812 41
812 58
812 98
812 121
812 121
812 98
813 41
813 58
813 98
813 121
813 121
814 41
814 58
814 98
814 121
814 121
815 41
815 58
815 98
815 121
815 121
816 41
816 58
816 98
816 121
816 121
817 41
817 58
817 98
817 121
817 121
818 41
818 58
818 98
818 121
818 121
819 41
819 58
819 98
819 121
819 121
820 41
820 58
820 98
820 121
820 121
821 41
821 58
821 98
821 121
821 121
821 929
822 41
822 58
822 98
822 121
822 121
823 41
823 58
823 98
823 121
823 121
824 41
824 58
824 98
824 121
824 121
825 41
825 58
825 98
825 121
825 121
826 41
826 58
826 98
826 121
826 121
827 41
827 58
827 98
827 121
827 121
828 41
828 58
828 98
828 121
828 121
828 262
829 41
829 58
829 98
829 121
829 121
830 41
830 58
830 98
830 121
830 121
831 41
831 58
831 98
831 121
831 121
831 998
832 41
832 58
832 98
832 121
832 121
833 41
833 58
833 98
833 121
833 121
833 867
834 41
834 58
834 98
834 121
834 121
835 41
835 58
835 98
835 121
835 121
836 41
836 58
836 98
836 121
836 121
837 41
837 58
837 98
837 121
837 121
838 41
838 58
838 98
838 121
838 121
839 41
839 58
839 98
839 121
839 121
840 41
840 58
840 98
840 121
840 121
840 929
841 41
841 58
841 98
841 121
841 121
842 41
842 58
842 98
842 121
842 121
843 41
843 58
843 98
843 121
843 121
844 41
844 58
844 98
844 121
844 121
845 41
845 58
845 98
845 121
845 121
846 41
846 41
846 58
846 58
846 98
846 98
846 121
846 121
846 121
846 121
847 41
847 58
847 98
847 121
847 121
848 41
848 58
848 98
848 121
848 121
849 41
849 58
849 98
849 121
849 121
850 41
850 58
850 98
850 121
850 121
851 41
851 58
851 98
851 121
851 121
851 929
852 41
852 58
852 98
852 121
852 121
853 41
853 58
853 98
853 121
853 121
854 41
854 58
854 98
854 121
854 121
855 41
855 58
855 98
855 121
855 121
856 41
856 58
856 98
856 121
856 121
857 41
857 58
857 98
857 121
857 121
858 41
858 58
858 98
858 121
858 121
859 41
859 58
859 98
859 121
859 121
859 41
859 58
859 98
859 121
859 121
860 41
860 58
860 98
860 121
860 121
861 41
861 58
861 98
861 121
861 121
861 615
862 41
862 58
862 98
862 121
862 121
863 92
863 41
863 58
863 98
863 121
863 121
864 41
864 58
864 98
864 121
864 121
865 41
865 58
865 98
865 121
865 121
866 41
866 58
866 98
866 121
866 121
867 41
867 58
867 98
867 121
867 121
868 41
868 58
868 98
868 121
868 121
869 41
869 58
869 98
869 121
869 121
870 41
870 58
870 98
870 121
870 121
871 41
871 58
871 98
871 121
871 121
872 41
872 58
872 98
872 121
872 121
873 41
873 58
873 98
873 121
873 121
874 41
874 58
874 98
874 121
874 121
875 41
875 58
875 98
875 121
875 121
876 41
876 58
876 98
876 121
876 121
877 41
877 58
877 98
877 121
877 121
878 41
878 58
878 98
878 121
878 121
879 41
879 58
879 98
879 121
879 121
880 41
880 58
880 98
880 121
880 121
881 41
881 58
881 98
881 121
881 121
882 41
882 58
882 98
882 121
882 121
883 41
883 58
883 98
883 121
883 121
884 162
884 41
884 58
884 98
884 121
884 121
885 41
885 58
885 98
885 121
885 121
886 41
886 58
886 98
886 121
886 121
887 41
887 58
887 98
887 121
887 121
888 41
888 58
888 98
888 121
888 121
889 41
889 58
889 98
889 121
889 121
890 41
890 58
890 98
890 121
890 121
891 41
891 58
891 98
891 121
891 121
892 41
892 58
892 98
892 121
892 121
893 41
893 58
893 98
893 121
893 121
894 1010
894 41
894 58
894 98
894 121
894 121
895 41
895 58
895 98
895 121
895 121
896 41
896 58
896 98
896 121
896 121
897 41
897 58
897 98
897 121
897 121
898 41
898 58
898 98
898 121
898 121
899 41
899 58
899 98
899 121
899 121
900 41
900 58
900 98
900 121
900 121
901 41
901 58
901 98
901 121
901 121
902 41
902 58
902 98
902 121
902 121
903 41
903 58
903 98
903 121
903 121
904 41
904 58
904 98
904 121
904 121
905 41
905 58
905 98
905 121
905 121
906 41
906 58
906 98
906 121
906 121
907 41
907 58
907 98
907 121
907 121
908 41
908 58
908 98
908 121
908 121
909 41
909 58
909 98
909 121
909 121
910 41
910 58
910 98
910 121
910 121
911 41
911 58
911 98
911 121
911 121
912 41
912 58
912 98
912 121
912 121
913 41
913 58
913 98
913 121
913 121
914 218
914 41
914 58
914 98
914 121
914 121
914 41
914 58
914 98
914 121
914 121
914 204
914 925
915 41
915 58
915 98
915 121
915 121
916 41
916 58
916 98
916 121
916 121
917 41
917 58
917 98
917 121
917 121
918 41
918 58
918 98
918 121
918 121
919 41
919 58
919 98
919 121
919 121
920 41
920 58
920 98
920 121
920 121
921 41
921 58
921 98
921 121
921 121
922 41
922 58
922 98
922 121
922 121
923 41
923 58
923 98
923 121
923 121
924 41
924 58
924 98
924 121
924 121
925 41
925 58
925 98
925 121
925 121
926 41
926 58
926 98
926 121
926 121
927 41
927 58
927 98
927 121
927 121
928 41
928 58
928 98
928 121
928 121
929 41
929 58
929 121
929 121
929 121
929 121
930 41
930 58
930 121
930 121
930 121
930 121
931 41
931 58
931 121
931 121
931 121
931 121
932 41
932 58
932 121
932 121
932 121
932 121
933 41
933 58
933 121
933 121
933 121
933 121
934 41
934 58
934 121
934 121
934 121
934 121
935 41
935 58
935 121
935 121
935 121
935 121
936 41
936 58
936 121
936 121
936 121
936 121
937 41
937 58
937 121
937 121
937 121
937 121
938 737
938 41
938 58
938 121
938 121
938 121
938 121
939 41
939 58
939 121
939 121
939 121
939 121
940 41
940 58
940 121
940 128
940 121
940 128
941 41
941 58
941 121
941 121
941 200
942 894
942 41
942 58
942 121
942 121
943 291
943 41
943 58
943 121
943 121
944 108
944 108
944 41
944 58
944 121
944 121
945 41
945 58
945 121
945 121
945 121
945 121
946 41
946 58
946 121
946 121
946 121
946 121
947 41
947 58
947 121
947 121
947 121
947 121
948 41
948 58
948 121
948 121
948 850
948 866
949 205
949 1245
949 225
949 174
949 708
949 42
950 42
950 220
950 65
950 314
950 538
951 43
951 143
951 189
951 136
951 136
951 157
951 741
951 538
952 44
952 955
952 711
953 316
953 45
953 316
953 316
953 1000
954 538
954 46
954 194
954 132
954 132
955 993
955 47
955 983
956 61
956 174
956 382
956 708
956 48
957 48
957 1092
957 48
957 824
957 567
958 344
958 538
958 115
958 115
958 49
959 276
959 49
959 538
959 174
959 708
960 652
960 49
960 337
960 174
960 708
961 49
961 215
961 215
961 276
961 293
962 1063
962 50
962 51
962 237
962 1100
962 922
962 262
963 53
963 305
963 632
963 774
964 53
964 652
964 123
964 123
964 701
965 538
965 538
965 160
965 82
965 338
965 367
965 53
965 165
965 165
965 412
966 538
966 495
966 344
966 433
966 799
966 347
966 538
966 538
966 115
966 115
966 412
966 56
967 95
967 57
967 147
967 123
967 123
967 701
968 57
968 115
968 147
968 171
968 293
968 538
969 58
969 98
969 121
969 121
969 41
970 60
970 106
970 106
970 849
970 941
971 60
971 538
971 538
971 538
971 538
971 538
971 538
972 61
972 328
972 26
972 970
972 404
973 61
973 109
973 109
973 531
973 1195
974 84
974 488
974 353
974 62
974 127
974 127
974 951
974 857
974 163
974 1117
974 269
974 208
975 62
975 559
975 419
975 1247
975 779
976 262
976 1153
976 63
976 150
977 698
977 1214
977 976
977 65
977 314
978 123
978 123
978 701
978 65
978 314
979 555
979 65
979 314
979 138
979 218
980 219
980 114
980 114
980 65
980 314
981 65
981 314
981 123
981 123
981 701
982 65
982 314
982 538
982 538
982 115
982 115
983 429
983 114
983 114
983 65
983 314
984 123
984 123
984 701
984 65
984 314
985 123
985 123
985 701
985 65
985 314
986 137
986 137
986 216
986 65
986 314
987 538
987 538
987 71
987 538
987 65
987 314
988 108
988 108
988 208
988 609
988 173
988 65
988 314
988 70
989 295
989 295
989 438
989 357
989 65
989 314
990 123
990 123
990 701
990 65
990 314
991 483
991 169
991 299
991 881
991 186
991 65
991 314
992 985
992 230
992 65
992 224
992 314
993 65
993 314
993 174
993 708
993 115
993 115
994 652
994 538
994 115
994 115
994 446
994 479
994 65
994 314
995 65
995 314
995 96
995 97
995 192
996 914
996 65
996 314
996 338
996 338
996 490
996 210
996 538
996 331
997 65
997 314
997 164
997 115
997 115
998 101
998 65
998 314
998 115
998 115
999 452
999 644
999 1098
999 723
999 342
999 82
999 338
999 293
999 199
999 908
999 65
999 314
1000 538
1000 115
1000 115
1000 65
1000 314
1001 356
1001 190
1001 82
1001 65
1001 314
1001 538
1001 194
1001 161
1001 332
1002 694
1002 66
1002 721
1002 417
1002 737
1003 68
1003 157
1003 741
1003 412
1003 115
1003 115
1004 68
1004 115
1004 115
1004 538
1004 174
1004 538
1004 708
1005 69
1005 258
1005 105
1005 105
1006 538
1006 71
1006 538
1006 538
1006 597
1006 538
1006 912
1006 223
1006 375
1006 542
1006 538
1006 538
1006 538
1006 538
1006 72
1007 71
1007 72
1007 538
1007 538
1007 538
1007 538
1007 538
1007 538
1007 538
1007 538
1007 538
1007 538
1007 538
1008 538
1008 538
1008 847
1008 71
1008 538
1009 280
1009 82
1009 338
1009 347
1009 115
1009 115
1009 174
1009 708
1009 73
1010 122
1010 122
1010 260
1010 74
1010 317
1011 102
1011 102
1011 102
1011 102
1011 75
1012 141
1012 723
1012 639
1012 289
1012 538
1012 799
1012 75
1012 103
1012 103
1012 799
1013 404
1013 872
1013 799
1013 889
1013 75
1013 275
1013 982
1013 292
1014 201
1014 75
1014 75
1014 799
1014 75
1014 347
1015 204
1015 136
1015 136
1015 77
1015 202
1016 329
1016 632
1016 372
1016 78
1016 587
1017 1045
1017 79
1018 229
1018 517
1018 968
1018 470
1018 248
1018 1038
1018 80
1018 222
1018 1208
1018 558
1018 318
1018 520
1018 311
1018 939
1018 355
1018 1026
1018 1039
1018 201
1019 154
1019 452
1019 82
1019 115
1019 115
1019 412
1019 157
1019 741
1020 82
1020 115
1020 115
1020 538
1020 538
1020 538
1021 82
1021 338
1021 338
1021 652
1021 293
1022 658
1022 154
1022 82
1022 799
1022 347
1022 221
1022 115
1022 115
1022 412
1022 300
1023 82
1023 338
1023 338
1023 171
1023 538
1023 538
1024 154
1024 263
1024 338
1024 652
1024 82
1024 220
1024 157
1024 741
1024 293
1025 338
1025 538
1025 82
1025 433
1025 412
1026 262
1026 82
1026 538
1026 293
1026 173
1026 657
1026 90
1027 82
1027 538
1027 115
1027 115
1027 660
1028 652
1028 82
1028 115
1028 115
1028 412
1029 1048
1029 344
1029 82
1029 338
1029 371
1029 538
1029 174
1029 708
1030 83
1030 685
1030 108
1030 108
1030 1086
1030 868
1030 211
1030 449
1030 1122
1030 957
1030 1034
1030 345
1030 965
1030 336
1030 1032
1030 746
1030 1124
1031 910
1031 570
1031 84
1031 531
1031 512
1032 1035
1032 879
1032 874
1032 86
1032 863
1033 1035
1033 863
1033 880
1033 649
1033 86
1033 883
1033 1002
1034 538
1034 538
1034 87
1034 862
1034 890
1034 538
1034 400
1034 672
1035 87
1035 141
1035 135
1035 135
1035 139
1036 89
1036 479
1036 107
1036 107
1036 538
1036 194
1036 174
1036 708
1036 101
1036 91
1037 136
1037 136
1037 293
1037 538
1037 276
1037 90
1038 174
1038 538
1038 708
1038 90
1038 101
1039 94
1039 236
1039 753
1039 797
1039 958
1040 98
1040 121
1040 121
1040 178
1040 12
1041 98
1041 121
1041 121
1041 178
1041 12
1042 98
1042 121
1042 121
1042 178
1042 12
1043 98
1043 121
1043 121
1043 41
1043 58
1044 98
1044 121
1044 121
1044 178
1044 12
1045 98
1045 121
1045 121
1045 178
1045 12
1046 98
1046 121
1046 121
1046 178
1046 12
1047 98
1047 121
1047 121
1047 41
1047 58
1048 98
1048 121
1048 121
1048 41
1048 58
1049 98
1049 121
1049 121
1049 41
1049 58
1050 98
1050 121
1050 121
1050 41
1050 58
1051 98
1051 121
1051 121
1051 41
1051 58
1052 98
1052 121
1052 121
1052 41
1052 58
1053 886
1053 98
1053 121
1053 121
1053 116
1053 116
1054 707
1054 98
1054 121
1054 121
1055 98
1055 121
1055 121
1055 719
1055 1070
1056 98
1056 121
1056 121
1056 628
1057 98
1057 121
1057 121
1058 977
1058 98
1058 121
1058 121
1059 98
1059 121
1059 121
1059 178
1060 101
1060 136
1060 136
1060 538
1060 333
1061 136
1061 136
1061 115
1061 115
1061 101
1062 556
1062 103
1062 103
1062 1093
1063 237
1063 538
1063 354
1063 173
1063 103
1063 103
1064 103
1064 103
1064 548
1064 353
1064 1144
1065 103
1065 103
1065 1131
1065 174
1065 708
1065 538
1066 288
1066 103
1066 103
1066 799
1066 538
1066 174
1066 708
1066 799
1067 495
1067 652
1067 103
1067 103
1067 331
1068 411
1068 338
1068 103
1068 103
1068 174
1068 708
1068 538
1068 371
1069 159
1069 103
1069 103
1069 115
1069 115
1070 239
1070 723
1070 103
1070 103
1070 221
1071 871
1071 301
1071 421
1071 105
1071 105
1071 354
1072 107
1072 107
1072 169
1072 592
1072 364
1072 622
1073 310
1073 772
1073 108
1073 108
1073 472
1074 108
1074 108
1074 668
1074 1210
1074 655
1074 394
1074 825
1075 364
1075 108
1075 108
1075 677
1075 453
1076 109
1076 109
1076 800
1076 338
1076 538
1076 799
1077 736
1077 111
1077 111
1077 795
1077 1233
1078 304
1078 467
1078 999
1078 924
1078 112
1078 112
1079 113
1079 113
1079 374
1079 195
1079 767
1079 1109
1080 113
1080 113
1080 129
1080 129
1080 296
1081 310
1081 115
1081 115
1081 174
1081 708
1081 538
1082 115
1082 115
1082 371
1082 276
1082 538
1083 538
1083 115
1083 115
1084 538
1084 412
1084 115
1084 115
1084 538
1085 652
1085 548
1085 115
1085 115
1085 221
1086 1040
1086 433
1086 174
1086 708
1086 115
1086 115
1086 538
1087 433
1087 347
1087 412
1087 115
1087 115
1088 538
1088 115
1088 115
1088 538
1088 538
1089 311
1089 538
1089 538
1089 115
1089 115
1089 877
1089 262
1090 490
1090 115
1090 115
1090 538
1090 221
1091 161
1091 309
1091 538
1091 115
1091 115
1091 891
1092 325
1092 115
1092 115
1092 174
1092 708
1093 115
1093 115
1093 174
1093 538
1093 538
1093 708
1094 337
1094 115
1094 115
1094 174
1094 708
1095 307
1095 538
1095 115
1095 115
1095 221
1096 959
1096 538
1096 175
1096 582
1096 115
1096 115
1097 851
1097 433
1097 157
1097 741
1097 538
1097 115
1097 115
1097 174
1097 708
1098 466
1098 115
1098 115
1098 548
1098 799
1098 538
1099 154
1099 1073
1099 176
1099 806
1099 538
1099 115
1099 115
1099 799
1099 297
1100 344
1100 538
1100 538
1100 115
1100 115
1100 174
1100 708
1100 538
1101 305
1101 115
1101 115
1101 221
1101 799
1102 157
1102 741
1102 538
1102 115
1102 115
1103 115
1103 115
1103 538
1103 538
1103 538
1104 708
1104 174
1104 347
1104 115
1104 115
1105 157
1105 741
1105 873
1105 412
1105 115
1105 115
1105 331
1105 332
1106 514
1106 337
1106 538
1106 174
1106 708
1106 115
1106 115
1106 420
1106 440
1107 538
1107 174
1107 708
1107 115
1107 115
1108 844
1108 155
1108 789
1108 115
1108 115
1109 136
1109 136
1109 538
1109 538
1109 115
1109 115
1110 157
1110 741
1110 538
1110 115
1110 115
1111 220
1111 490
1111 174
1111 538
1111 708
1111 115
1111 115
1112 339
1112 154
1112 160
1112 433
1112 538
1112 322
1112 115
1112 115
1113 799
1113 174
1113 708
1113 115
1113 115
1114 623
1114 143
1114 607
1114 538
1114 115
1114 115
1114 297
1114 1111
1114 599
1115 631
1115 115
1115 115
1115 174
1115 708
1116 799
1116 115
1116 115
1116 538
1116 561
1117 154
1117 538
1117 538
1117 115
1117 115
1117 620
1118 799
1118 174
1118 708
1118 115
1118 115
1119 538
1119 174
1119 538
1119 708
1119 115
1119 115
1120 799
1120 538
1120 538
1120 799
1120 115
1120 115
1121 538
1121 174
1121 708
1121 115
1121 115
1122 538
1122 174
1122 708
1122 538
1122 115
1122 115
1123 347
1123 115
1123 115
1123 174
1123 708
1124 280
1124 280
1124 280
1124 280
1124 280
1124 280
1124 280
1124 280
1124 280
1124 538
1124 115
1124 115
1125 538
1125 115
1125 115
1125 174
1125 708
1125 799
1126 344
1126 885
1126 538
1126 441
1126 115
1126 115
1126 657
1126 420
1127 338
1127 652
1127 538
1127 115
1127 115
1128 116
1128 116
1128 249
1128 310
1128 663
1129 118
1129 118
1129 134
1129 134
1129 168
1130 118
1130 118
1130 876
1130 310
1130 206
1131 120
1131 120
1131 120
1131 120
1132 432
1132 120
1132 120
1132 638
1133 120
1133 120
1133 734
1133 760
1133 1041
1134 120
1134 120
1134 176
1134 553
1134 120
1134 120
1134 216
1134 359
1134 161
1134 199
1134 425
1134 567
1134 649
1134 237
1135 121
1135 121
1135 178
1135 12
1135 98
1136 121
1136 121
1136 178
1136 12
1136 98
1137 121
1137 121
1137 178
1137 12
1137 98
1138 765
1138 123
1138 123
1138 701
1138 208
1139 123
1139 123
1139 701
1139 538
1139 538
1140 123
1140 123
1140 701
1140 123
1140 123
1140 701
1141 123
1141 123
1141 701
1141 498
1141 137
1142 123
1142 123
1142 701
1142 123
1142 123
1142 701
1142 652
1143 123
1143 123
1143 180
1143 701
1143 180
1144 278
1144 123
1144 123
1144 701
1144 153
1144 701
1145 180
1145 123
1145 123
1145 701
1145 701
1146 123
1146 123
1146 123
1146 123
1146 701
1146 701
1147 124
1147 124
1147 1102
1147 571
1148 444
1148 464
1148 1077
1148 124
1148 124
1149 125
1149 125
1149 126
1149 126
1150 264
1150 296
1150 259
1150 126
1150 126
1151 158
1151 126
1151 126
1151 277
1151 276
1152 349
1152 128
1152 128
1153 237
1153 303
1153 364
1153 505
1153 136
1153 136
1154 839
1154 235
1154 538
1154 538
1154 538
1154 538
1154 538
1154 334
1154 142
1155 942
1155 344
1155 143
1155 147
1155 538
1156 911
1156 494
1156 148
1156 170
1156 387
1157 319
1157 151
1157 732
1157 612
1157 756
1158 154
1158 723
1158 194
1158 538
1158 333
1159 898
1159 156
1159 367
1159 369
1159 561
1160 433
1160 157
1160 741
1160 538
1160 538
1161 157
1161 741
1161 174
1161 708
1161 194
1162 220
1162 538
1162 174
1162 708
1162 157
1162 741
1162 538
1163 143
1163 157
1163 741
1163 159
1163 189
1163 288
1164 161
1164 161
1164 161
1164 158
1165 341
1165 538
1165 161
1165 1082
1165 538
1166 961
1166 166
1166 651
1166 390
1166 541
1167 802
1167 521
1167 167
1167 342
1168 167
1168 209
1168 342
1169 643
1169 757
1169 170
1169 674
1169 1112
1170 675
1170 170
1170 892
1170 279
1170 243
1171 173
1171 546
1171 294
1171 337
1172 538
1172 184
1172 538
1172 174
1172 708
1173 408
1173 738
1173 174
1173 708
1173 538
1173 538
1174 203
1174 538
1174 174
1174 708
1174 379
1175 652
1175 433
1175 174
1175 708
1175 538
1175 602
1176 330
1176 538
1176 1096
1176 174
1176 708
1176 538
1176 538
1176 538
1176 567
1177 538
1177 538
1177 174
1177 708
1177 538
1178 495
1178 799
1178 538
1178 174
1178 708
1178 194
1179 538
1179 538
1179 538
1179 538
1179 174
1179 708
1180 621
1180 194
1180 538
1180 538
1180 174
1180 708
1181 634
1181 627
1181 637
1181 175
1181 950
1182 684
1182 313
1182 1024
1182 590
1182 177
1183 178
1183 41
1183 58
1183 98
1183 98
1183 121
1183 121
1184 719
1184 769
1184 920
1184 1099
1184 181
1184 262
1185 1145
1185 182
1185 355
1185 531
1185 1107
1186 185
1186 188
1186 860
1186 394
1187 186
1187 340
1187 740
1187 543
1187 545
1187 764
1188 1129
1188 588
1188 187
1189 665
1189 1159
1189 529
1189 458
1189 459
1189 191
1190 488
1190 538
1190 194
1190 297
1190 331
1191 218
1191 723
1191 490
1191 538
1191 221
1191 194
1192 371
1192 799
1192 538
1192 194
1192 240
1193 799
1193 347
1193 538
1193 194
1193 293
1194 473
1194 1129
1194 799
1194 528
1194 538
1194 799
1194 194
1194 412
1194 657
1194 331
1195 671
1195 591
1195 750
1195 538
1195 194
1196 344
1196 347
1196 538
1196 799
1196 194
1196 293
1196 412
1197 1014
1197 247
1197 194
1197 538
1197 538
1198 661
1198 519
1198 196
1198 370
1198 452
1199 745
1199 539
1199 888
1199 198
1200 710
1200 734
1200 748
1200 462
1200 783
1200 1236
1200 825
1200 1215
1200 199
1201 202
1201 709
1201 577
1201 675
1201 751
1201 776
1202 213
1202 264
1202 747
1202 598
1202 232
1203 546
1203 625
1203 822
1203 796
1203 223
1203 544
1203 472
1203 798
1203 421
1204 226
1204 256
1204 913
1204 409
1204 1035
1205 1221
1205 673
1205 232
1205 693
1206 274
1206 1118
1206 921
1206 233
1207 236
1207 270
1208 499
1208 818
1208 343
1208 236
1209 237
1209 361
1209 835
1209 1115
1209 403
1210 271
1210 238
1210 676
1210 245
1210 362
1210 513
1210 452
1211 241
1211 242
1211 243
1211 244
1211 271
1212 241
1212 244
1212 271
1213 436
1213 619
1213 247
1213 617
1213 637
1214 1235
1214 250
1214 753
1214 1068
1214 1158
1215 407
1215 251
1215 484
1215 519
1216 252
1216 465
1216 1072
1217 253
1217 382
1217 437
1218 285
1218 254
1218 966
1218 630
1219 562
1219 1119
1219 814
1219 255
1219 626
1220 368
1220 257
1220 936
1220 534
1220 865
1220 776
1221 258
1221 964
1221 399
1221 918
1221 919
1221 947
1221 1031
1222 258
1222 510
1222 509
1222 468
1222 476
1222 477
1223 258
1223 670
1223 1248
1223 342
1223 610
1224 679
1224 702
1224 258
1224 573
1224 599
1225 1246
1225 641
1225 382
1225 258
1225 428
1226 693
1226 442
1226 727
1226 260
1226 422
1227 495
1227 263
1227 418
1227 1218
1227 371
1227 1001
1228 452
1228 806
1228 827
1228 266
1228 1220
1229 284
1229 52
1229 272
1229 485
1230 713
1230 274
1230 434
1231 1067
1231 1069
1231 513
1231 279
1232 280
1232 822
1232 280
1232 882
1233 397
1233 833
1233 283
1233 329
1234 531
1234 285
1234 315
1234 1095
1234 1231
1235 618
1235 990
1235 1049
1235 884
1235 287
1236 578
1236 799
1236 538
1236 538
1236 288
1237 395
1237 289
1237 320
1237 634
1237 1199
1238 690
1238 289
1238 637
1238 1037
1238 989
1238 994
1238 689
1239 186
1239 503
1239 289
1239 846
1239 399
1240 1177
1240 30
1240 296
1240 296
1240 683
1240 1076
1241 995
1241 346
1241 296
1242 934
1242 302
1242 335
1242 761
1242 1254
1243 329
1243 687
1243 665
1243 576
1243 306
1244 306
1245 307
1245 568
1245 794
1245 996
1246 902
1246 697
1246 909
1246 755
1246 309
1247 538
1247 653
1247 502
1247 329
1247 366
1247 600
1247 312
1248 728
1248 729
1248 1201
1248 313
1248 1224
1248 1174
1248 400
1248 1022
1248 962
1249 685
1249 715
1249 717
1249 315
1249 585
1249 670
1250 458
1250 459
1250 315
1250 552
1250 1012
1250 476
1250 677
1251 603
1251 1106
1251 685
1251 673
1251 1032
1251 836
1251 315
1252 316
1252 399
1252 413
1252 667
1252 337
1253 435
1253 1217
1253 329
1253 366
1253 829
1254 426
1254 469
1254 670
1254 1234
1254 329
1254 812
1255 506
1255 561
1255 431
1255 575
1255 1066
1255 580
1255 540
1255 337
1255 1004
1256 344
1256 338
1256 347
1256 538
1256 538
1257 342
1257 805
1258 346
1258 386
1258 532
1258 810
1258 705
1259 348
1259 1023
1259 436
1259 619
1259 766
1260 585
1260 585
1260 830
1260 1029
1260 349
1261 452
1261 349
1262 731
1262 722
1262 572
1262 351
1262 624
1263 352
1263 416
1263 656
1264 1125
1264 595
1264 613
1264 1242
1264 363
1265 365
1265 454
1265 522
1265 477
1265 458
1266 366
1266 978
1266 443
1266 469
1266 815
1267 832
1267 804
1267 366
1268 637
1268 1003
1268 372
1268 436
1268 973
1269 373
1269 974
1269 855
1270 376
1270 1126
1270 576
1270 893
1271 377
1271 799
1271 993
1271 538
1271 446
1271 693
1272 629
1272 488
1272 578
1272 377
1272 538
1272 446
1273 381
1273 979
1273 380
1274 384
1274 1142
1274 421
1274 586
1275 1151
1275 732
1275 1128
1275 801
1275 386
1275 547
1275 518
1276 606
1276 1113
1276 527
1276 452
1276 386
1277 530
1277 387
1277 1180
1277 988
1277 501
1278 1046
1278 388
1278 518
1278 478
1278 624
1278 447
1278 516
1278 971
1278 669
1279 646
1279 1161
1279 396
1279 1054
1279 1147
1280 399
1281 399
1281 413
1281 947
1281 963
1281 1085
1282 477
1282 781
1282 687
1282 400
1282 51
1283 405
1283 1071
1283 1209
1283 1212
1284 405
1284 1209
1284 1212
1284 1121
1284 1124
1285 423
1285 997
1285 406
1286 410
1286 848
1287 1044
1287 1042
1287 494
1287 504
1287 975
1287 412
1288 413
1288 917
1288 399
1288 1079
1289 1108
1289 705
1289 414
1289 497
1289 790
1289 457
1289 1244
1290 452
1290 448
1290 774
1290 415
1290 434
1290 569
1290 1104
1291 625
1291 710
1291 424
1291 560
1292 1172
1292 1141
1292 618
1292 636
1292 1091
1292 486
1292 425
1293 426
1293 508
1293 509
1294 538
1294 452
1294 427
1295 430
1295 549
1295 461
1295 461
1295 625
1296 435
1296 1013
1296 1015
1296 1016
1296 1019
1297 1018
1297 1083
1297 435
1297 1017
1297 1019
1297 1084
1298 436
1298 688
1299 577
1299 712
1299 440
1300 732
1300 561
1300 574
1300 575
1300 441
1300 482
1301 443
1301 456
1301 1028
1301 1060
1301 511
1302 445
1302 458
1302 535
1303 640
1303 1192
1303 1193
1303 1194
1303 1240
1303 533
1303 1239
1303 1237
1303 1238
1303 1241
1303 447
1304 450
1304 451
1304 526
1304 552
1304 822
1304 665
1304 937
1304 1150
1304 809
1305 1213
1305 899
1305 451
1305 665
1306 665
1306 552
1306 565
1306 833
1306 451
1307 696
1307 625
1307 452
1307 1197
1307 762
1307 452
1308 1251
1308 452
1308 662
1308 487
1309 552
1309 664
1309 781
1309 455
1309 642
1310 606
1310 614
1310 460
1310 1132
1310 778
1310 734
1310 793
1311 725
1311 464
1312 493
1312 468
1312 1065
1313 476
1313 1097
1313 576
1313 1020
1313 687
1314 705
1314 935
1314 480
1315 504
1315 481
1315 1114
1316 720
1316 773
1316 952
1316 787
1316 786
1316 488
1317 593
1317 491
1318 1140
1318 515
1318 492
1318 531
1318 1049
1319 1036
1319 895
1319 527
1319 502
1319 584
1320 1133
1320 699
1320 705
1320 1074
1320 503
1320 647
1321 710
1321 514
1321 777
1321 799
1321 538
1321 1200
1322 515
1322 778
1322 561
1322 594
1323 1154
1323 525
1323 562
1323 579
1323 742
1324 1156
1324 552
1324 665
1324 536
1324 1146
1324 1056
1325 537
1325 589
1325 1101
1325 992
1326 538
1326 538
1326 538
1326 538
1326 538
1326 538
1327 538
1327 1197
1327 1222
1327 794
1327 682
1327 786
1327 1233
1328 538
1328 538
1328 538
1328 538
1328 538
1328 538
1329 538
1329 538
1329 538
1329 1137
1329 538
1329 538
1329 538
1329 538
1330 538
1330 538
1330 538
1330 538
1330 538
1331 858
1331 859
1331 538
1331 538
1332 661
1332 1053
1332 1042
1332 543
1332 581
1333 773
1333 1173
1333 714
1333 546
1333 1155
1334 546
1334 666
1334 718
1334 774
1334 560
1335 679
1335 550
1335 645
1335 794
1335 564
1335 594
1336 551
1336 767
1336 195
1336 1064
1336 1250
1337 552
1337 948
1337 440
1337 605
1337 751
1338 1245
1338 785
1338 554
1338 834
1339 563
1339 600
1339 738
1339 981
1340 735
1340 1207
1340 1227
1340 566
1341 838
1341 575
1341 1215
1341 700
1341 775
1341 823
1342 616
1342 710
1342 734
1342 128
1342 594
1343 1120
1343 625
1343 1113
1343 734
1343 774
1343 624
1343 594
1344 608
1344 791
1344 975
1344 599
1345 601
1345 617
1345 1030
1345 1089
1346 610
1346 967
1346 730
1346 1087
1347 645
1347 826
1347 612
1347 696
1348 648
1348 616
1348 1196
1348 734
1348 221
1348 778
1348 825
1349 372
1349 619
1349 1139
1349 633
1349 754
1350 634
1350 1171
1350 619
1350 1162
1350 1206
1350 770
1350 678
1350 1167
1350 692
1350 1175
1351 619
1351 700
1352 619
1352 1093
1352 627
1352 695
1353 869
1353 634
1353 1136
1353 1162
1354 637
1354 1127
1354 896
1354 634
1355 750
1355 809
1355 635
1355 703
1355 704
1356 1252
1356 831
1356 635
1356 816
1357 636
1357 828
1357 1185
1358 645
1358 743
1358 1160
1358 803
1358 820
1359 766
1359 650
1359 754
1359 1055
1360 772
1360 1198
1360 659
1361 1156
1361 1110
1361 665
1361 1062
1361 1078
1361 1255
1362 1253
1362 1190
1362 1243
1362 670
1363 1165
1363 680
1363 1164
1363 716
1363 1179
1364 903
1364 1090
1364 808
1364 681
1364 813
1365 1232
1365 819
1365 703
1366 1223
1366 502
1366 732
1366 705
1366 904
1367 1043
1367 1050
1367 1033
1367 733
1367 1116
1368 749
1368 1226
1368 1227
1368 1228
1368 735
1368 1207
1369 943
1369 946
1369 1203
1369 739
1370 739
1370 943
1370 944
1370 946
1370 1203
1371 744
1371 1006
1371 482
1371 1216
1371 1230
1372 758
1372 1052
1372 991
1372 916
1373 763
1373 763
1373 763
1373 837
1374 812
1374 1219
1374 1148
1374 766
1374 678
1375 668
1375 887
1375 989
1375 766
1376 771
1377 714
1377 778
1377 462
1377 783
1378 784
1378 784
1378 784
1378 784
1378 784
1378 784
1378 784
1378 784
1378 784
1378 784
1378 784
1379 784
1379 784
1379 784
1379 784
1379 784
1379 784
1379 784
1379 784
1379 784
1379 784
1380 792
1380 1225
1381 792
1381 1225
1382 811
1382 1182
1382 1184
1382 1187
1382 1189
1382 713
1383 870
1383 1229
1383 915
1384 927
1384 928
1385 963
1385 1058
1386 1007
1387 1011
1388 1057
1389 1059
1389 1194
1389 1192
1390 1088
1391 1123
1391 1204
1391 1211
1392 1149
1393 1162
1393 1166
1393 1168
1393 1169
1394 690
1394 1205
1395 1237
1395 1238
1395 1239
1395 1240
1395 1241
